7.093916057609022
第0 epoch，保存模型
0.7808989980258048
0.681397499050945
0.5963122078683227
0.4921379878651351
0.38826199527829885
0.3577916333451867
0.333355248789303
0.32292449090164155
0.3016559786628932
0.28818223054986447
第10 epoch，保存模型
0.28831069951411337
0.2803723032120615
0.26858460740186274
0.2661330783739686
0.2560625188052654
0.25745528074912727
0.26392373081762344
0.25640013022348285
0.2551485763397068
0.24782801151741296
第20 epoch，保存模型
0.2436811460647732
0.24139560875482857
0.24848483654204756
0.23962276813108474
0.2392933873925358
0.23982916888780892
0.2414598937612027
0.23225223494227976
0.2398102353909053
0.23764780210331082
第30 epoch，保存模型
0.22997427871450782
0.23719947645440698
0.23700962215662003
0.2313200122443959
0.22822022147011012
0.23654372186865658
0.22875783179188147
0.22568932792637497
0.2318517523817718
0.22651391534600407
第40 epoch，保存模型
0.23001273348927498
0.22548289963742718
0.22914314246736467
0.22692342149093747
0.22656505415216088
0.227339671459049
0.2222092036390677
0.22411842609290034
0.22241039969958365
0.22793690621620044
第50 epoch，保存模型
0.226254747598432
0.22593138145748526
0.2237586168339476
0.22408860211726278
0.2220127920154482
0.2250374504365027
0.22120303683914244
0.22521572263212875
0.22026766126509756
0.22514760855119675
第60 epoch，保存模型
0.22114701906684786
0.22633640910498798
0.22112297313287854
0.22323720360873267
0.22030355408787727
0.21984119655098766
0.2218722131801769
0.21906160813523456
0.21566817950224504
0.21710259496467188
第70 epoch，保存模型
0.22197326517198235
0.21828124672174454
0.21512368408730254
0.21489601448411122
0.22016387508483604
0.21853304578689858
0.2169664556859061
0.21751969517208636
0.2132184355868958
0.21435426617972553
第80 epoch，保存模型
0.21471314172958955
0.21240356715861708
0.21051160851493478
0.21643664938164875
0.21090325410477817
0.21137360308784992
0.20711766905151308
0.21264525514561683
0.20998137712012976
0.2060738911968656
第90 epoch，保存模型
0.20646998373558745
0.20691609726054594
0.20485723530873656
0.2032585304696113
0.2047279457328841
0.2080335221835412
0.2051262889872305
0.2064118428970687
0.202726949355565