9.397609390318394
第0 epoch，保存模型
1.2433968873228878
0.8715977501124144
0.8461787179112434
0.8366071525961161
0.8113321210257709
0.7955002379603684
0.7831019789446145
0.7791581589262933
0.7765528089366853
0.75782509916462
第10 epoch，保存模型
0.7488896432332695
0.7475739612709731
0.7425327172968537
0.7558139371685684
0.7395356246270239
0.7326855270657688
0.7298628331627697
0.7147568284999579
0.7265133049804717
0.729188131634146
第20 epoch，保存模型
0.7163363927975297
0.71263408055529
0.712111628614366
0.7125757175963372
0.7187308908905834
0.7018193078693002
0.7090317104011774
0.7219103183597326
0.6965484961401671
0.7065412977244705
第30 epoch，保存模型
0.6949163551907986
0.6977310469374061
0.6836632161866874
0.6886907119769603
0.6913255695253611
0.6888661801349372
0.6869536405429244
0.6810172356199473
0.679856909904629
0.676645687315613
第40 epoch，保存模型
0.6914192966651171
0.6819126629270613
0.6734619301278144
0.6762670155148953
0.6700912632513791
0.6705853827297688
0.6765852633398026
0.6676142096985132
0.6741196573711932
0.6668990922626108
第50 epoch，保存模型
0.6705112073104829
0.66934795351699
0.6623118242714554
0.6627220278605819
0.6617804714478552
0.6655836547724903
0.6599509106017649
0.6583808369468898
0.6582110966555774
0.6557732843793929
第60 epoch，保存模型
0.6599575220607221
0.6670566820539534
0.6599944119807333
0.6513218842446804
0.6535447044298053
0.6505627015139908
0.6482395667117089
0.6465661425609142
0.6392156251240522
0.635116208344698
第70 epoch，保存模型
0.6420255461707711
0.6470991794485599
0.6358326415065676
0.6326705527026206
0.6393566641490906
0.6297537051141262
0.6297802866902202
0.6407572906464338
0.6281402057502419
0.6313334698788822
第80 epoch，保存模型
0.6398499617353082
0.6302282966207713
0.6306814211420715
0.6360556492581964
0.6211091410368681
0.6192426776979119
0.6175256764981896
0.6227607422042638
0.6275231624022126
0.6150477193295956
第90 epoch，保存模型
0.6144664243329316
0.6220633191987872
0.6173177207820117
0.6173750141169876
0.6142059660051018
0.606236387277022
0.6182914797682315
0.6222425263840705
0.6180860053282231