10.319151134230196
第0 epoch，保存模型
1.736203271895647
1.353482541628182
1.1469940920360386
1.0146483215503395
0.9541262369602919
0.9208432612940669
0.8761150257196277
0.8582637063227594
0.8270267099142075
0.8073123162612319
第10 epoch，保存模型
0.7741691223345697
0.7740284600295126
0.7610201071947813
0.7475455249659717
0.7310451904777437
0.7315530015621334
0.7191249059978873
0.7213986932765692
0.7342937106732279
0.7150331835728139
第20 epoch，保存模型
0.7079137673135847
0.7122337385080755
0.7019244683906436
0.6963661299087107
0.7136324050370604
0.7028025619219989
0.6912122981157154
0.6869101657066494
0.7035939798224717
0.6850156697910279
第30 epoch，保存模型
0.6875149258412421
0.6739949244074523
0.6882321375887841
0.6818741064053029
0.6803945568390191
0.679336569737643
0.6701511815190315
0.6856592651456594
0.6797399211209267
0.6832287376746535
第40 epoch，保存模型
0.6779753132723272
0.6765575627796352
0.6735716261900961
0.6709596631117165
0.6711980812251568
0.6808934975415468
0.6811782317236066
0.6656930884346366
0.668224512366578
0.6780286433640867
第50 epoch，保存模型
0.6668440594803542
0.6744068518746644
0.6708131509367377
0.6691002117004246
0.6673665745183825
0.6723919701762497
0.6633856596890837
0.6653331378474832
0.6711385622620583
0.6533977496437728
第60 epoch，保存模型
0.6617459394037724
0.6592924315482378
0.659389711683616
0.6636868580244482
0.6693255291320384
0.6579970773309469
0.6607793590519577
0.6568746517878026
0.652624276233837
0.6669703568331897
第70 epoch，保存模型
0.6549358582124114
0.6560823752079159
0.6496066791005433
0.6510171985719353
0.6451667048968375
0.643718994455412
0.6482576713897288
0.6445320236962289
0.6473847725428641
0.6382894776761532
第80 epoch，保存模型
0.6445380356162786
0.6460265540517867
0.6357636598404497
0.6407014692667872
0.6384845431894064
0.6245800829492509
0.6223103976808488
0.6181347996462137
0.6154978414997458
0.6028971699997783
第90 epoch，保存模型
0.6142127439379692
0.5949566171038896
0.602104575606063
0.5859897707123309
0.5870890656951815
0.584845315432176
0.5812923873309046
0.5713490471243858
0.5691773125436157